       1   3.536376200e-02   1.252999999e-03   3.699228100e-02
       2   8.780824000e-03   1.169002000e-03   1.005414000e-02
       1   3.743208700e-02   1.249882999e-03   3.900669500e-02
       2   9.200248000e-03   1.168700000e-03   1.049134400e-02
       1   3.457012900e-02   1.192916000e-03   3.608345800e-02
       2   8.726886999e-03   1.127130000e-03   9.956381000e-03
       1   3.507008000e-02   1.237823000e-03   3.664674600e-02
       2   8.884585000e-03   1.149751000e-03   1.015558300e-02
       1   3.385449600e-02   1.206688000e-03   3.536059700e-02
       2   8.719196000e-03   1.129963000e-03   9.950356000e-03
       3   4.311270900e-02   1.322512000e-03   4.476648800e-02
       4   1.227009200e-02   9.224750002e-04   1.326971400e-02
